"PLAYER_NAME" "TEAM" "AGE" "GAMES_PLAYED" "WINS" "LOSSES" "WIN_PCT" "MIN" "FIELD_GOALS_MADE" "FIELD_GOALS_ATTEMPT" "FIELD_GAMES_PCT" "THREE_PTS_MADE" "THREE_PTS_ATTEMPT" "THREE_PTS_PCT" "FREE_THROWS_MADE" "FREE_THROWS_ATTEMPT" "FREE_THROWS_PCT" "OFFENSIVE_REB" "DEFENSIVE_REB" "REB" "ASSISTS" "TURNOVERS" "STEALS" "BLOCKS" "POINTS"
"1" "Aaron Brooks" "CHI" 31 45 24 21 0.533 715 117 306 0.382 44 125 0.352 33 42 0.786 15 63 78 113 47 18 9 311
"2" "Aaron Gordon" "ORL" 20 54 24 30 0.444 1198 158 345 0.458 25 83 0.301 82 122 0.672 104 239 343 81 46 40 40 423
"3" "Aaron Harrison" "CHA" 21 13 8 5 0.615 55 2 10 0.2 1 3 0.333 2 6 0.333 3 5 8 0 2 4 0 7
"4" "Adreian Payne" "MIN" 25 35 13 22 0.371 331 38 95 0.4 8 24 0.333 8 12 0.667 11 62 73 17 22 10 10 92
"5" "Al Horford" "ATL" 29 58 31 27 0.534 1857 379 749 0.506 58 173 0.335 77 97 0.794 115 292 407 181 74 49 91 893
"6" "Al Jefferson" "CHA" 31 21 14 7 0.667 525 119 242 0.492 0 0 0 24 42 0.571 24 104 128 31 18 15 21 262
"7" "Al-Farouq Aminu" "POR" 25 56 29 27 0.518 1634 205 504 0.407 79 229 0.345 77 108 0.713 70 286 356 89 88 52 38 566
"8" "Alec Burks" "UTA" 24 28 12 16 0.429 759 133 325 0.409 29 75 0.387 106 141 0.752 16 84 100 59 49 16 4 401
"9" "Alex Len" "PHX" 22 53 14 39 0.264 1048 150 328 0.457 1 4 0.25 89 122 0.73 108 230 338 48 76 28 46 390
"10" "Alex Stepheson" "LAC" 28 2 1 1 0.5 8 1 1 1 0 0 0 0 0 0 1 1 2 0 0 0 1 2
"11" "Alexis Ajinca" "NOP" 27 44 14 30 0.318 542 86 178 0.483 0 1 0 30 36 0.833 48 130 178 19 25 11 23 202
"12" "Allen Crabbe" "POR" 23 55 28 27 0.509 1433 234 498 0.47 75 201 0.373 63 72 0.875 18 131 149 65 50 49 9 606
"13" "Alonzo Gee" "NOP" 28 56 22 34 0.393 1201 88 181 0.486 15 52 0.288 29 40 0.725 38 131 169 53 37 52 10 220
"14" "Amar'e Stoudemire" "MIA" 33 28 15 13 0.536 402 60 116 0.517 0 0 0 29 41 0.707 36 94 130 21 27 9 21 149
"15" "Amir Johnson" "BOS" 28 55 30 25 0.545 1260 174 304 0.572 9 36 0.25 44 78 0.564 122 213 335 94 64 38 56 401
"16" "Anderson Varejao" "GSW" 33 31 22 9 0.71 309 32 76 0.421 0 1 0 16 21 0.762 24 67 91 20 16 11 5 80
"17" "Andre Drummond" "DET" 22 57 28 29 0.491 1926 402 774 0.519 2 6 0.333 159 443 0.359 282 567 849 48 118 94 87 965
"18" "Andre Iguodala" "GSW" 32 54 49 5 0.907 1469 154 323 0.477 49 138 0.355 46 75 0.613 47 180 227 190 70 64 18 403
"19" "Andre Miller" "MIN" 39 26 9 17 0.346 280 36 58 0.621 1 4 0.25 15 19 0.789 6 18 24 58 25 9 0 88
"20" "Andre Roberson" "OKC" 24 45 33 12 0.733 978 91 184 0.495 17 62 0.274 22 36 0.611 50 99 149 36 28 40 30 221
"21" "Andrea Bargnani" "BKN" 30 46 11 35 0.239 633 127 279 0.455 3 16 0.188 47 57 0.825 28 69 97 18 26 4 9 304
"22" "Andrew Bogut" "GSW" 31 47 42 5 0.894 983 117 194 0.603 0 0 0 16 39 0.41 85 267 352 99 53 19 85 250
"23" "Andrew Nicholson" "ORL" 26 36 16 20 0.444 550 85 194 0.438 25 71 0.352 25 32 0.781 24 106 130 12 28 6 13 220
"24" "Andrew Wiggins" "MIN" 21 56 18 38 0.321 1967 410 918 0.447 33 130 0.254 308 413 0.746 84 119 203 105 120 47 35 1161
"25" "Anthony Bennett" "TOR" 22 17 11 6 0.647 80 7 25 0.28 2 13 0.154 9 10 0.9 6 17 23 0 4 5 0 25
"26" "Anthony Brown" "LAL" 23 25 3 22 0.12 474 32 101 0.317 17 57 0.298 14 17 0.824 7 48 55 12 14 10 5 95
"27" "Anthony Davis" "NOP" 22 50 21 29 0.42 1784 458 910 0.503 25 82 0.305 259 347 0.746 110 405 515 95 101 64 109 1200
"28" "Anthony Morrow" "OKC" 30 50 35 15 0.7 720 100 248 0.403 59 149 0.396 17 21 0.81 9 43 52 16 11 19 3 276
"29" "Anthony Tolliver" "DET" 30 55 26 29 0.473 1087 98 258 0.38 77 210 0.367 25 39 0.641 32 156 188 44 20 24 13 298
"30" "Archie Goodwin" "PHX" 21 37 7 30 0.189 772 119 291 0.409 17 67 0.254 101 141 0.716 19 73 92 81 69 17 9 356
"31" "Aron Baynes" "DET" 29 56 27 29 0.482 799 123 251 0.49 0 2 0 68 95 0.716 89 163 252 41 48 16 35 314
"32" "Arron Afflalo" "NYK" 30 50 20 30 0.4 1712 273 606 0.45 69 180 0.383 88 100 0.88 15 163 178 98 55 20 9 703
"33" "Austin Rivers" "LAC" 23 46 30 16 0.652 994 148 338 0.438 33 116 0.284 42 62 0.677 15 69 84 60 42 31 9 371
"34" "Avery Bradley" "BOS" 25 53 31 22 0.585 1755 319 717 0.445 116 309 0.375 56 72 0.778 32 109 141 111 80 80 13 810
"35" "Ben McLemore" "SAC" 23 50 21 29 0.42 1054 138 311 0.444 45 124 0.363 60 82 0.732 23 81 104 60 71 41 7 381
"36" "Beno Udrih" "MIA" 33 44 26 18 0.591 707 86 198 0.434 15 44 0.341 18 20 0.9 8 64 72 116 53 14 1 205
"37" "Bismack Biyombo" "TOR" 23 55 37 18 0.673 1220 98 187 0.524 0 1 0 101 155 0.652 122 322 444 16 57 12 85 297
"38" "Blake Griffin" "LAC" 26 30 17 13 0.567 1047 281 553 0.508 6 17 0.353 129 178 0.725 49 211 260 149 71 21 17 697
"39" "Boban Marjanovic" "SAS" 27 36 32 4 0.889 304 69 112 0.616 0 0 0 62 83 0.747 47 79 126 13 21 10 15 200
"40" "Bobby Portis" "CHI" 21 35 16 19 0.457 592 112 248 0.452 11 29 0.379 27 37 0.73 62 110 172 22 35 16 14 262
"41" "Bojan Bogdanovic" "BKN" 26 56 15 41 0.268 1458 197 461 0.427 80 215 0.372 54 66 0.818 30 148 178 58 68 23 3 528
"42" "Boris Diaw" "SAS" 33 56 47 9 0.839 1057 155 296 0.524 23 55 0.418 42 58 0.724 46 136 182 138 69 21 15 375
"43" "Bradley Beal" "WAS" 22 34 16 18 0.471 1059 234 505 0.463 69 173 0.399 84 113 0.743 23 96 119 100 73 32 10 621
"44" "Brandan Wright" "MEM" 28 9 4 5 0.444 157 22 36 0.611 0 0 0 10 18 0.556 8 20 28 5 7 2 11 54
"45" "Branden Dawson" "LAC" 23 3 3 0 1 14 1 3 0.333 0 0 0 0 0 0 2 1 3 0 0 0 1 2
"46" "Brandon Bass" "LAL" 30 50 11 39 0.22 971 123 226 0.544 0 1 0 81 96 0.844 79 131 210 58 33 27 43 327
"47" "Brandon Jennings" "ORL" 26 26 12 14 0.462 476 63 168 0.375 30 90 0.333 37 49 0.755 9 45 54 84 30 13 2 193
"48" "Brandon Knight" "PHX" 24 42 13 29 0.31 1523 309 728 0.424 87 261 0.333 122 144 0.847 27 130 157 215 145 54 13 827
"49" "Brandon Rush" "GSW" 30 46 41 5 0.891 715 79 182 0.434 45 107 0.421 14 22 0.636 16 108 124 42 21 16 14 217
"50" "Brian Roberts" "POR" 30 31 16 15 0.516 338 54 119 0.454 10 28 0.357 34 37 0.919 4 25 29 38 16 7 1 152
"51" "Brook Lopez" "BKN" 27 56 15 41 0.268 1886 450 891 0.505 1 8 0.125 238 305 0.78 162 300 462 96 128 44 104 1139
"52" "Bruno Caboclo" "TOR" 20 3 3 0 1 4 0 2 0 0 0 0 0 0 0 0 1 1 0 1 1 0 0
"53" "Bryce Cotton" "PHX" 23 3 0 3 0 32 2 8 0.25 0 3 0 0 0 0 0 0 0 3 5 3 0 4
"54" "Bryce Dejean-Jones" "NOP" 23 14 8 6 0.571 278 28 69 0.406 12 32 0.375 11 21 0.524 8 40 48 15 11 10 2 79
"55" "CJ McCollum" "POR" 24 54 29 25 0.537 1888 440 989 0.445 132 329 0.401 115 144 0.799 31 161 192 230 129 67 14 1127
"56" "CJ Miles" "IND" 28 49 26 23 0.531 1205 201 504 0.399 104 300 0.347 80 109 0.734 22 128 150 52 61 46 22 586
"57" "CJ Watson" "ORL" 31 11 5 6 0.455 194 15 42 0.357 5 17 0.294 8 10 0.8 5 17 22 26 9 11 0 43
"58" "CJ Wilcox" "LAC" 25 11 7 4 0.636 47 7 23 0.304 3 8 0.375 2 3 0.667 0 3 3 4 1 3 0 19
"59" "Cameron Bairstow" "CHI" 25 15 4 11 0.267 88 8 34 0.235 0 4 0 6 6 1 4 21 25 5 3 2 3 22
"60" "Cameron Payne" "OKC" 21 39 31 8 0.795 471 85 195 0.436 31 81 0.383 12 15 0.8 7 58 65 77 26 29 5 213
"61" "Carl Landry" "PHI" 32 16 3 13 0.188 177 40 74 0.541 1 3 0.333 16 25 0.64 13 26 39 8 11 5 6 97
"62" "Carmelo Anthony" "NYK" 31 51 24 27 0.471 1785 388 902 0.43 67 205 0.327 258 316 0.816 73 334 407 215 129 46 25 1101
"63" "Caron Butler" "SAC" 35 9 1 8 0.111 86 11 26 0.423 1 8 0.125 1 2 0.5 3 8 11 3 2 5 0 24
"64" "Chandler Parsons" "DAL" 27 49 25 24 0.51 1392 240 492 0.488 76 185 0.411 73 110 0.664 19 195 214 118 74 31 20 629
"65" "Channing Frye" "CLE" 32 45 20 25 0.444 762 82 189 0.434 48 123 0.39 19 21 0.905 23 122 145 46 31 21 20 231
"66" "Charles Hayes" "HOU" 32 2 1 1 0.5 23 1 2 0.5 0 0 0 2 2 1 0 8 8 2 3 0 0 4
"67" "Charlie Villanueva" "DAL" 31 46 23 23 0.5 547 104 270 0.385 36 139 0.259 16 18 0.889 18 105 123 20 26 13 11 260
"68" "Chase Budinger" "IND" 27 43 22 21 0.512 650 69 171 0.404 19 63 0.302 31 44 0.705 25 77 102 43 27 24 7 188
"69" "Chris Andersen" "MEM" 37 9 5 4 0.556 56 6 12 0.5 2 5 0.4 4 6 0.667 4 11 15 4 3 1 4 18
"70" "Chris Bosh" "MIA" 31 53 29 24 0.547 1777 358 767 0.467 81 222 0.365 213 268 0.795 48 342 390 128 78 36 34 1010
"71" "Chris Copeland" "MIL" 31 24 10 14 0.417 155 17 51 0.333 10 36 0.278 6 7 0.857 1 9 10 11 6 2 0 50
"72" "Chris Johnson" "UTA" 25 46 25 21 0.543 571 49 126 0.389 20 66 0.303 27 34 0.794 20 75 95 38 28 27 11 145
"73" "Chris Kaman" "POR" 33 9 7 2 0.778 68 10 30 0.333 0 3 0 0 0 0 3 8 11 5 5 0 0 20
"74" "Chris McCullough" "BKN" 21 4 2 2 0.5 40 5 15 0.333 1 4 0.25 0 0 0 2 2 4 0 3 2 1 11
"75" "Chris Paul" "LAC" 30 51 35 16 0.686 1683 359 780 0.46 83 217 0.382 194 219 0.886 27 170 197 482 136 107 9 995
"76" "Christian Wood" "PHI" 20 14 0 14 0 113 19 43 0.442 4 9 0.444 9 13 0.692 10 22 32 3 2 5 5 51
"77" "Cleanthony Early" "NYK" 24 10 4 6 0.4 33 3 6 0.5 1 4 0.25 0 0 0 0 2 2 1 1 1 1 7
"78" "Cliff Alexander" "POR" 20 7 2 5 0.286 31 5 10 0.5 0 0 0 0 0 0 2 4 6 0 1 1 2 10
"79" "Clint Capela" "HOU" 21 54 27 27 0.5 1123 167 291 0.574 0 0 0 59 151 0.391 139 232 371 37 54 43 66 393
"80" "Cody Zeller" "CHA" 23 47 24 23 0.511 1169 155 308 0.503 1 10 0.1 117 157 0.745 87 201 288 44 46 39 32 428
"81" "Cole Aldrich" "LAC" 27 34 25 9 0.735 397 74 135 0.548 0 0 0 39 61 0.639 43 96 139 33 33 21 28 187
"82" "Corey Brewer" "HOU" 29 56 28 28 0.5 1195 148 391 0.379 48 164 0.293 75 93 0.806 28 110 138 85 60 62 11 419
"83" "Cory Jefferson" "PHX" 25 8 2 6 0.25 50 9 22 0.409 0 1 0 4 6 0.667 6 10 16 0 0 0 1 22
"84" "Cory Joseph" "TOR" 24 55 37 18 0.673 1418 185 397 0.466 20 69 0.29 103 137 0.752 26 120 146 171 72 44 14 493
"85" "Courtney Lee" "CHA" 30 52 30 22 0.577 1510 194 423 0.459 52 139 0.374 76 92 0.826 19 100 119 77 50 53 16 516
"86" "Cristiano Felicio" "CHI" 23 10 4 6 0.4 40 4 6 0.667 0 2 0 4 8 0.5 3 6 9 8 1 1 1 12
"87" "D'Angelo Russell" "LAL" 20 56 11 45 0.196 1522 261 625 0.418 86 251 0.343 70 99 0.707 32 167 199 189 134 64 9 678
"88" "D.J. Augustin" "DEN" 28 36 24 12 0.667 567 52 135 0.385 28 69 0.406 31 40 0.775 5 41 46 76 34 16 2 163
"89" "Damian Lillard" "POR" 25 49 25 24 0.51 1764 415 975 0.426 151 404 0.374 242 283 0.855 33 176 209 356 160 52 15 1223
"90" "Damien Inglis" "MIL" 20 8 2 6 0.25 42 2 8 0.25 1 5 0.2 3 4 0.75 1 8 9 2 4 2 0 8
"91" "Damjan Rudez" "MIN" 29 23 6 17 0.261 206 20 45 0.444 13 35 0.371 6 6 1 3 9 12 9 11 1 1 59
"92" "Danilo Gallinari" "DEN" 27 50 21 29 0.42 1737 272 660 0.412 84 228 0.368 363 414 0.877 48 217 265 129 73 40 18 991
"93" "Danny Green" "SAS" 28 56 47 9 0.839 1445 153 400 0.383 86 243 0.354 25 33 0.758 35 187 222 104 59 47 43 417
"94" "Dante Cunningham" "NOP" 28 54 20 34 0.37 1109 91 208 0.438 32 97 0.33 20 28 0.714 36 124 160 33 17 24 23 234
"95" "Darrell Arthur" "DEN" 27 48 16 32 0.333 981 143 314 0.455 18 52 0.346 26 34 0.765 55 133 188 60 44 38 32 330
"96" "Darren Collison" "SAC" 28 49 20 29 0.408 1388 239 503 0.475 54 144 0.375 128 151 0.848 18 87 105 189 84 46 1 660
"97" "Darrun Hilliard" "DET" 22 25 10 15 0.4 229 33 78 0.423 10 28 0.357 14 21 0.667 4 20 24 16 14 5 0 90
"98" "David Lee" "DAL" 32 30 15 15 0.5 469 87 192 0.453 0 1 0 40 51 0.784 41 89 130 54 38 12 13 214
"99" "David West" "SAS" 35 55 46 9 0.836 936 166 291 0.57 2 4 0.5 41 53 0.774 44 170 214 104 50 28 35 375
"100" "DeAndre Jordan" "LAC" 27 54 36 18 0.667 1830 240 345 0.696 0 0 0 181 426 0.425 200 565 765 61 68 31 124 661
"101" "DeJuan Blair" "WAS" 26 29 12 17 0.414 218 28 68 0.412 0 1 0 5 13 0.385 20 37 57 11 15 8 2 61
"102" "DeMar DeRozan" "TOR" 26 55 37 18 0.673 1987 432 975 0.443 35 104 0.337 385 460 0.837 43 195 238 222 126 57 18 1284
"103" "DeMarcus Cousins" "SAC" 25 45 21 24 0.467 1545 413 921 0.448 53 150 0.353 337 463 0.728 103 406 509 141 170 60 61 1216
"104" "DeMarre Carroll" "TOR" 29 23 14 9 0.609 734 99 255 0.388 42 111 0.378 28 48 0.583 28 82 110 24 27 38 5 268
"105" "Delon Wright" "TOR" 23 15 11 4 0.733 44 5 16 0.313 2 3 0.667 3 6 0.5 2 6 8 5 3 2 0 15
"106" "Dennis Schroder" "ATL" 22 56 30 26 0.536 1176 236 554 0.426 61 178 0.343 93 117 0.795 22 140 162 262 121 53 7 626
"107" "Deron Williams" "DAL" 31 48 25 23 0.521 1545 242 582 0.416 71 205 0.346 134 151 0.887 13 128 141 262 111 45 11 689
"108" "Derrick Favors" "UTA" 24 38 19 19 0.5 1221 258 496 0.52 0 2 0 120 173 0.694 110 209 319 62 63 44 52 636
"109" "Derrick Rose" "CHI" 27 48 24 24 0.5 1544 324 773 0.419 29 108 0.269 115 142 0.81 35 141 176 229 129 30 12 792
"110" "Derrick Williams" "NYK" 24 57 24 33 0.421 951 164 381 0.43 25 106 0.236 145 192 0.755 33 170 203 47 37 21 6 498
"111" "Devin Booker" "PHX" 19 51 11 40 0.216 1198 184 421 0.437 60 151 0.397 108 130 0.831 14 96 110 93 77 27 7 536
"112" "Devin Harris" "DAL" 32 41 23 18 0.561 801 106 231 0.459 29 86 0.337 63 92 0.685 14 73 87 85 39 38 8 304
"113" "Devyn Marble" "ORL" 23 8 6 2 0.75 19 1 6 0.167 0 2 0 0 1 0 1 2 3 0 1 1 0 2
"114" "Dewayne Dedmon" "ORL" 26 33 13 20 0.394 344 36 75 0.48 0 0 0 27 37 0.73 29 75 104 6 15 10 27 99
"115" "Dion Waiters" "OKC" 24 56 40 16 0.714 1584 200 510 0.392 57 164 0.348 81 111 0.73 26 131 157 108 82 57 9 538
"116" "Dirk Nowitzki" "DAL" 37 51 26 25 0.51 1584 320 726 0.441 87 224 0.388 162 182 0.89 35 300 335 84 52 34 35 889
"117" "Donald Sloan" "BKN" 28 36 7 29 0.194 736 80 184 0.435 25 57 0.439 38 49 0.776 14 93 107 144 52 19 2 223
"118" "Donatas Motiejunas" "HOU" 25 14 7 7 0.5 188 31 62 0.5 7 17 0.412 9 14 0.643 7 23 30 14 25 6 2 78
"119" "Doug McDermott" "CHI" 24 54 28 26 0.519 1217 184 409 0.45 78 179 0.436 24 28 0.857 24 100 124 33 41 9 5 470
"120" "Draymond Green" "GSW" 25 54 50 4 0.926 1844 270 555 0.486 70 171 0.409 150 220 0.682 94 428 522 396 164 70 66 760
"121" "Drew Gooden" "WAS" 34 26 15 11 0.577 286 31 91 0.341 7 35 0.2 8 12 0.667 27 55 82 13 13 7 10 77
"122" "Dwight Howard" "HOU" 30 45 21 24 0.467 1449 242 395 0.613 0 3 0 172 324 0.531 159 375 534 66 113 48 65 656
"123" "Dwight Powell" "DAL" 24 54 28 26 0.519 864 127 253 0.502 2 12 0.167 99 131 0.756 71 172 243 36 37 29 21 355
"124" "Dwyane Wade" "MIA" 34 51 28 23 0.549 1550 369 818 0.451 7 34 0.206 207 270 0.767 64 143 207 238 137 53 27 952
"125" "E'Twaun Moore" "CHI" 26 43 21 22 0.488 843 119 244 0.488 30 66 0.455 19 32 0.594 14 74 88 57 32 26 12 287
"126" "Ed Davis" "POR" 26 55 28 27 0.509 1167 140 230 0.609 0 0 0 82 150 0.547 157 242 399 62 42 33 39 362
"127" "Elfrid Payton" "ORL" 22 51 24 27 0.471 1506 220 523 0.421 22 63 0.349 85 138 0.616 50 129 179 294 119 64 13 547
"128" "Elijah Millsap" "UTA" 28 20 9 11 0.45 172 11 39 0.282 1 12 0.083 13 18 0.722 6 29 35 19 9 7 3 36
"129" "Elliot Williams" "MEM" 26 5 4 1 0.8 45 2 10 0.2 1 4 0.25 3 4 0.75 1 3 4 4 1 0 0 8
"130" "Emmanuel Mudiay" "DEN" 19 42 18 24 0.429 1269 179 523 0.342 33 121 0.273 91 144 0.632 20 116 136 242 150 48 23 482
"131" "Enes Kanter" "OKC" 23 56 40 16 0.714 1158 263 477 0.551 5 11 0.455 130 166 0.783 162 269 431 27 71 12 25 661
"132" "Eric Bledsoe" "PHX" 26 31 12 19 0.387 1058 223 492 0.453 48 129 0.372 138 172 0.802 18 107 125 190 110 63 19 632
"133" "Eric Gordon" "NOP" 27 41 14 27 0.341 1370 205 501 0.409 101 269 0.375 100 113 0.885 10 78 88 110 65 39 12 611
"134" "Eric Moreland" "SAC" 24 5 1 4 0.2 24 2 3 0.667 0 0 0 0 2 0 1 5 6 0 0 0 4 4
"135" "Erick Green" "UTA" 24 9 6 3 0.667 42 5 13 0.385 1 5 0.2 2 2 1 3 3 6 3 0 1 0 13
"136" "Ersan Ilyasova" "ORL" 28 55 29 26 0.527 1494 226 535 0.422 83 225 0.369 87 119 0.731 107 191 298 57 61 40 27 622
"137" "Evan Fournier" "ORL" 23 55 25 30 0.455 1757 278 618 0.45 111 277 0.401 116 140 0.829 22 137 159 152 87 70 2 783
"138" "Evan Turner" "BOS" 27 58 33 25 0.569 1572 231 513 0.45 11 65 0.169 105 127 0.827 36 243 279 253 124 51 19 578
"139" "Festus Ezeli" "GSW" 26 40 37 3 0.925 710 117 210 0.557 0 0 0 66 124 0.532 83 151 234 31 36 17 49 300
"140" "Frank Kaminsky" "CHA" 22 54 28 26 0.519 1156 143 358 0.399 42 132 0.318 75 102 0.735 45 172 217 72 45 22 30 403
"141" "Garrett Temple" "WAS" 29 53 25 28 0.472 1355 142 369 0.385 57 178 0.32 71 100 0.71 23 116 139 97 38 50 11 412
"142" "Gary Harris" "DEN" 21 50 20 30 0.4 1572 217 469 0.463 63 179 0.352 62 77 0.805 31 111 142 91 69 63 11 559
"143" "Gary Neal" "WAS" 31 40 18 22 0.45 807 151 325 0.465 41 100 0.41 47 55 0.855 11 72 83 47 29 20 1 390
"144" "George Hill" "IND" 29 49 27 22 0.551 1726 224 515 0.435 90 212 0.425 78 105 0.743 38 162 200 169 72 65 11 616
"145" "Gerald Green" "MIA" 30 50 28 22 0.56 1294 185 470 0.394 67 212 0.316 59 78 0.756 20 115 135 48 43 28 19 496
"146" "Gerald Henderson" "POR" 28 47 25 22 0.532 857 131 317 0.413 31 90 0.344 68 91 0.747 18 114 132 47 38 20 13 361
"147" "Giannis Antetokounmpo" "MIL" 21 55 23 32 0.418 1919 339 669 0.507 16 70 0.229 195 260 0.75 81 325 406 161 137 58 67 889
"148" "Glenn Robinson" "IND" 22 38 21 17 0.553 442 53 127 0.417 10 30 0.333 27 38 0.711 11 49 60 21 14 16 6 143
"149" "Goran Dragic" "MIA" 29 47 29 18 0.617 1525 244 518 0.471 42 130 0.323 70 101 0.693 33 134 167 254 114 46 10 600
"150" "Gordon Hayward" "UTA" 25 55 27 28 0.491 1984 359 830 0.433 98 279 0.351 279 340 0.821 41 237 278 199 141 66 17 1095
"151" "Gorgui Dieng" "MIN" 26 57 18 39 0.316 1485 201 378 0.532 3 11 0.273 135 164 0.823 115 293 408 91 106 63 55 540
"152" "Greg Monroe" "MIL" 25 55 24 31 0.436 1677 367 706 0.52 0 0 0 174 233 0.747 167 362 529 125 95 53 50 908
"153" "Greivis Vasquez" "MIL" 29 16 6 10 0.375 360 39 112 0.348 14 54 0.259 22 25 0.88 4 33 37 71 30 7 0 114
"154" "Harrison Barnes" "GSW" 23 39 36 3 0.923 1148 182 380 0.479 51 125 0.408 62 76 0.816 42 134 176 68 36 29 6 477
"155" "Hassan Whiteside" "MIA" 26 47 26 21 0.553 1340 248 403 0.615 0 0 0 97 176 0.551 150 385 535 16 91 24 183 593
"156" "Hollis Thompson" "PHI" 24 54 8 46 0.148 1451 171 423 0.404 94 243 0.387 43 62 0.694 32 148 180 56 61 23 16 479
"157" "Ian Clark" "GSW" 24 45 41 4 0.911 422 73 160 0.456 26 63 0.413 20 23 0.87 10 36 46 45 32 11 10 192
"158" "Ian Mahinmi" "IND" 29 47 27 20 0.574 1159 163 272 0.599 0 0 0 88 152 0.579 98 237 335 65 60 44 48 414
"159" "Iman Shumpert" "CLE" 25 31 24 7 0.774 749 73 189 0.386 29 89 0.326 15 22 0.682 17 90 107 46 38 32 12 190
"160" "Isaiah Canaan" "PHI" 24 55 8 47 0.145 1342 176 485 0.363 122 325 0.375 96 117 0.821 13 109 122 97 74 41 10 570
"161" "Isaiah Thomas" "BOS" 27 58 33 25 0.569 1881 405 960 0.422 114 328 0.348 326 363 0.898 31 140 171 392 156 68 5 1250
"162" "Ish Smith" "PHI" 27 51 14 37 0.275 1356 247 609 0.406 21 74 0.284 82 113 0.726 26 150 176 334 109 59 12 597
"163" "J.J. O'Brien" "UTA" 23 2 2 0 1 6 0 1 0 0 0 0 0 0 0 0 1 1 0 0 1 0 0
"164" "J.R. Smith" "CLE" 30 51 36 15 0.706 1568 238 583 0.408 136 337 0.404 31 52 0.596 29 117 146 79 43 54 17 643
"165" "JJ Hickson" "DEN" 27 20 7 13 0.35 305 55 109 0.505 0 0 0 27 59 0.458 22 65 87 16 16 10 12 137
"166" "JJ Redick" "LAC" 31 52 35 17 0.673 1470 287 600 0.478 137 285 0.481 148 170 0.871 6 84 90 75 55 28 2 859
"167" "JaKarr Sampson" "DEN" 22 47 7 40 0.149 690 86 202 0.426 6 34 0.176 62 97 0.639 30 99 129 30 51 11 16 240
"168" "JaMychal Green" "MEM" 25 51 29 22 0.569 764 109 219 0.498 10 20 0.5 55 73 0.753 62 144 206 21 48 20 17 283
"169" "JaVale McGee" "DAL" 28 32 15 17 0.469 354 76 130 0.585 0 1 0 18 36 0.5 51 79 130 3 21 5 26 170
"170" "Jabari Parker" "MIL" 20 51 23 28 0.451 1513 256 522 0.49 0 8 0 96 125 0.768 82 176 258 77 63 40 22 608
"171" "Jae Crowder" "BOS" 25 58 33 25 0.569 1868 288 637 0.452 100 280 0.357 154 185 0.832 53 246 299 110 69 102 28 830
"172" "Jahlil Okafor" "PHI" 20 50 6 44 0.12 1507 370 740 0.5 0 4 0 128 186 0.688 118 244 362 59 120 22 60 868
"173" "Jamal Crawford" "LAC" 35 56 37 19 0.661 1483 257 645 0.398 72 224 0.321 177 192 0.922 13 84 97 124 82 32 8 763
"174" "Jameer Nelson" "DEN" 34 38 12 26 0.316 1028 113 306 0.369 43 144 0.299 30 35 0.857 19 95 114 190 66 25 5 299
"175" "James Anderson" "SAC" 26 32 13 19 0.406 360 25 80 0.313 10 38 0.263 11 12 0.917 7 35 42 16 22 9 8 71
"176" "James Ennis" "MEM" 25 11 6 5 0.545 40 3 8 0.375 2 5 0.4 6 10 0.6 2 3 5 3 2 4 2 14
"177" "James Harden" "HOU" 26 56 28 28 0.5 2087 455 1067 0.426 156 446 0.35 503 580 0.867 45 314 359 394 249 90 37 1569
"178" "James Johnson" "TOR" 29 43 28 15 0.651 669 85 170 0.5 14 41 0.341 32 53 0.604 22 73 95 42 38 22 27 216
"179" "James Jones" "CLE" 35 36 25 11 0.694 343 38 102 0.373 27 76 0.355 16 21 0.762 6 32 38 13 10 8 6 119
"180" "James Michael McAdoo" "GSW" 23 25 23 2 0.92 147 22 40 0.55 0 0 0 13 27 0.481 14 18 32 9 9 7 5 57
"181" "James Young" "BOS" 20 22 11 11 0.5 165 10 31 0.323 5 21 0.238 1 4 0.25 3 20 23 7 3 5 1 26
"182" "Jared Cunningham" "ORL" 24 40 31 9 0.775 355 32 91 0.352 10 32 0.313 30 48 0.625 3 26 29 19 18 12 2 104
"183" "Jared Dudley" "WAS" 30 54 25 29 0.463 1561 177 365 0.485 83 181 0.459 58 77 0.753 38 166 204 121 58 54 13 495
"184" "Jared Sullinger" "BOS" 23 57 32 25 0.561 1347 242 554 0.437 21 82 0.256 68 110 0.618 138 348 486 136 76 53 37 573
"185" "Jarell Eddie" "WAS" 24 18 8 10 0.444 89 13 39 0.333 12 32 0.375 4 4 1 1 12 13 2 1 2 1 42
"186" "Jarell Martin" "MEM" 21 2 1 1 0.5 9 1 5 0.2 0 0 0 0 0 0 0 0 0 0 0 0 0 2
"187" "Jarnell Stokes" "MIA" 22 7 1 6 0.143 18 3 5 0.6 0 0 0 1 2 0.5 1 3 4 1 0 1 0 7
"188" "Jarrett Jack" "BKN" 32 32 10 22 0.313 1026 140 358 0.391 31 102 0.304 100 112 0.893 9 127 136 236 94 34 7 411
"189" "Jason Smith" "ORL" 29 49 23 26 0.469 729 143 278 0.514 4 13 0.308 25 29 0.862 30 88 118 34 37 19 38 315
"190" "Jason Terry" "HOU" 38 46 24 22 0.522 768 93 223 0.417 58 161 0.36 20 25 0.8 7 44 51 61 32 30 6 264
"191" "Jason Thompson" "GSW" 29 28 24 4 0.857 178 20 42 0.476 0 0 0 20 32 0.625 10 44 54 19 7 4 8 60
"192" "Jeff Ayres" "LAC" 28 5 3 2 0.6 14 2 2 1 0 0 0 2 2 1 1 2 3 2 1 0 3 6
"193" "Jeff Green" "LAC" 29 55 32 23 0.582 1587 248 574 0.432 44 140 0.314 129 164 0.787 57 191 248 101 72 40 20 669
"194" "Jeff Teague" "ATL" 27 55 30 25 0.545 1562 290 668 0.434 69 172 0.401 181 217 0.834 24 119 143 303 152 73 16 830
"195" "Jeff Withey" "UTA" 25 40 19 21 0.475 566 73 136 0.537 0 2 0 40 55 0.727 49 100 149 17 27 19 49 186
"196" "Jerami Grant" "PHI" 21 54 7 47 0.13 1389 166 380 0.437 22 98 0.224 136 199 0.683 67 182 249 86 73 39 87 490
"197" "Jeremy Evans" "DAL" 28 30 16 14 0.533 251 26 48 0.542 4 16 0.25 15 21 0.714 11 43 54 2 7 6 9 71
"198" "Jeremy Lamb" "CHA" 23 45 25 20 0.556 932 187 404 0.463 45 142 0.317 50 64 0.781 35 152 187 62 36 30 18 469
"199" "Jeremy Lin" "CHA" 27 52 29 23 0.558 1399 207 501 0.413 49 154 0.318 159 198 0.803 31 137 168 168 97 38 32 622
"200" "Jerian Grant" "NYK" 23 53 21 32 0.396 830 88 247 0.356 9 56 0.161 69 87 0.793 16 76 92 131 56 27 6 254
"201" "Jerryd Bayless" "MIL" 27 36 14 22 0.389 1008 131 309 0.424 72 165 0.436 44 56 0.786 13 88 101 123 62 33 8 378
"202" "Jimmer Fredette" "NYK" 26 5 1 4 0.2 14 2 5 0.4 1 2 0.5 0 0 0 0 0 0 1 2 1 0 5
"203" "Jimmy Butler" "CHI" 26 48 26 22 0.542 1817 357 779 0.458 53 160 0.331 307 371 0.827 53 196 249 205 95 81 31 1074
"204" "Joakim Noah" "CHI" 30 29 15 14 0.517 635 51 133 0.383 0 1 0 22 45 0.489 87 168 255 110 52 18 29 124
"205" "Jodie Meeks" "DET" 28 2 2 0 1 16 1 5 0.2 0 0 0 0 0 0 1 1 2 0 1 0 0 2
"206" "Joe Harris" "CLE" 24 5 5 0 1 15 1 4 0.25 1 4 0.25 0 0 0 0 3 3 2 1 0 0 3
"207" "Joe Ingles" "UTA" 28 54 27 27 0.5 764 79 188 0.42 47 128 0.367 9 12 0.75 12 74 86 55 37 30 3 214
"208" "Joe Johnson" "BKN" 34 56 15 41 0.268 1900 240 595 0.403 84 227 0.37 88 104 0.846 34 182 216 228 112 40 2 652
"209" "Joe Young" "IND" 23 31 14 17 0.452 290 49 122 0.402 8 32 0.25 18 23 0.783 5 29 34 45 25 12 0 124
"210" "Joel Anthony" "DET" 33 13 8 5 0.615 52 2 5 0.4 0 0 0 5 6 0.833 7 8 15 1 1 2 4 9
"211" "Joffrey Lauvergne" "DEN" 24 34 13 21 0.382 590 109 216 0.505 13 36 0.361 31 36 0.861 51 120 171 34 30 8 9 262
"212" "John Henson" "MIL" 25 42 18 24 0.429 699 120 203 0.591 0 0 0 44 82 0.537 61 103 164 41 48 11 83 284
"213" "John Jenkins" "DAL" 24 21 10 11 0.476 193 29 70 0.414 3 19 0.158 8 9 0.889 4 18 22 9 11 3 0 69
"214" "John Wall" "WAS" 25 55 26 29 0.473 1977 406 959 0.423 85 243 0.35 191 244 0.783 32 226 258 541 226 112 45 1088
"215" "Johnny O'Bryant" "MIL" 22 48 19 29 0.396 673 66 161 0.41 1 1 1 21 31 0.677 52 85 137 29 28 15 7 154
"216" "Jon Leuer" "PHX" 26 46 13 33 0.283 927 162 335 0.484 35 87 0.402 48 63 0.762 45 213 258 59 56 27 22 407
"217" "Jonas Jerebko" "BOS" 28 57 33 24 0.579 800 81 196 0.413 27 66 0.409 39 51 0.765 53 138 191 44 35 14 10 228
"218" "Jonas Valanciunas" "TOR" 23 38 26 12 0.684 1006 189 339 0.558 0 0 0 109 144 0.757 124 234 358 32 59 16 46 487
"219" "Jonathon Simmons" "SAS" 26 42 36 6 0.857 607 92 182 0.505 15 36 0.417 53 69 0.768 11 59 70 48 46 17 5 252
"220" "Jordan Adams" "MEM" 21 2 0 2 0 14 2 6 0.333 0 1 0 3 5 0.6 0 2 2 3 2 3 0 7
"221" "Jordan Clarkson" "LAL" 23 56 11 45 0.196 1808 339 754 0.45 65 175 0.371 126 159 0.792 68 154 222 148 103 63 7 869
"222" "Jordan Hill" "IND" 28 52 29 23 0.558 1128 206 404 0.51 0 1 0 66 98 0.673 123 230 353 68 71 31 25 478
"223" "Jordan McRae" "PHX" 24 7 0 7 0 82 11 26 0.423 3 11 0.273 12 15 0.8 2 6 8 10 6 3 0 37
"224" "Jordan Mickey" "BOS" 21 6 4 2 0.667 13 4 8 0.5 0 0 0 3 3 1 3 1 4 1 0 0 3 11
"225" "Jose Calderon" "NYK" 34 54 23 31 0.426 1485 153 330 0.464 61 153 0.399 29 33 0.879 17 153 170 214 65 49 6 396
"226" "Jose Juan Barea" "DAL" 31 51 26 25 0.51 1119 188 448 0.42 64 173 0.37 53 69 0.768 16 80 96 198 76 18 2 493
"227" "Josh McRoberts" "MIA" 28 28 18 10 0.643 438 41 99 0.414 7 33 0.212 21 31 0.677 17 66 83 57 24 15 5 110
"228" "Josh Richardson" "MIA" 22 26 13 13 0.5 327 19 67 0.284 7 29 0.241 11 16 0.688 4 30 34 22 12 10 8 56
"229" "Josh Smith" "HOU" 30 44 25 19 0.568 679 101 280 0.361 29 104 0.279 34 60 0.567 45 117 162 66 59 26 44 265
"230" "Jrue Holiday" "NOP" 25 50 22 28 0.44 1326 291 669 0.435 57 177 0.322 132 163 0.81 24 125 149 287 114 62 17 771
"231" "Julius Randle" "LAL" 21 57 11 46 0.193 1566 249 593 0.42 8 25 0.32 131 190 0.689 127 445 572 92 105 34 23 637
"232" "Justin Anderson" "DAL" 22 35 17 18 0.486 294 34 88 0.386 11 44 0.25 15 21 0.714 3 52 55 10 13 10 9 94
"233" "Justin Holiday" "CHI" 26 26 15 11 0.577 262 24 73 0.329 10 45 0.222 5 10 0.5 4 23 27 11 13 13 4 63
"234" "Justise Winslow" "MIA" 19 53 31 22 0.585 1491 126 296 0.426 23 93 0.247 53 75 0.707 51 224 275 71 71 43 18 328
"235" "Jusuf Nurkic" "DEN" 21 19 8 11 0.421 260 43 120 0.358 0 2 0 32 49 0.653 32 61 93 15 22 8 19 118
"236" "KJ McDaniels" "HOU" 23 17 7 10 0.412 73 9 29 0.31 2 8 0.25 8 11 0.727 4 10 14 2 6 3 5 28
"237" "Karl-Anthony Towns" "MIN" 20 57 18 39 0.316 1740 407 759 0.536 20 55 0.364 151 178 0.848 163 420 583 89 119 36 105 985
"238" "Kawhi Leonard" "SAS" 24 51 43 8 0.843 1654 375 735 0.51 92 191 0.482 189 216 0.875 64 277 341 126 74 91 46 1031
"239" "Keith Appling" "ORL" 24 5 0 5 0 26 2 8 0.25 0 3 0 2 2 1 0 1 1 1 3 1 0 6
"240" "Kelly Olynyk" "BOS" 24 54 31 23 0.574 1095 206 447 0.461 69 167 0.413 67 92 0.728 60 172 232 84 63 43 31 548
"241" "Kelly Oubre" "WAS" 20 47 22 25 0.468 530 64 154 0.416 21 60 0.35 27 38 0.711 19 80 99 11 23 15 6 176
"242" "Kemba Walker" "CHA" 25 54 28 26 0.519 1940 385 900 0.428 107 290 0.369 242 285 0.849 43 194 237 269 122 98 30 1119
"243" "Kendall Marshall" "PHI" 24 17 3 14 0.176 221 24 66 0.364 9 26 0.346 5 8 0.625 1 13 14 50 33 9 0 62
"244" "Kendrick Perkins" "NOP" 31 12 5 7 0.417 114 14 17 0.824 0 0 0 1 4 0.25 8 18 26 5 11 1 2 29
"245" "Kenneth Faried" "DEN" 26 49 19 30 0.388 1272 249 451 0.552 0 1 0 97 168 0.577 165 261 426 58 67 21 47 595
"246" "Kent Bazemore" "ATL" 26 53 29 24 0.547 1490 231 523 0.442 81 215 0.377 90 108 0.833 18 241 259 123 103 69 21 633
"247" "Kentavious Caldwell-Pope" "DET" 23 53 27 26 0.509 1950 280 670 0.418 80 260 0.308 129 157 0.822 44 155 199 91 75 81 15 769
"248" "Kevin Durant" "OKC" 27 49 37 12 0.755 1765 468 923 0.507 121 310 0.39 302 338 0.893 27 359 386 219 155 46 60 1359
"249" "Kevin Garnett" "MIN" 39 38 14 24 0.368 555 54 115 0.47 0 1 0 14 21 0.667 15 135 150 62 16 28 10 122
"250" "Kevin Love" "CLE" 27 54 39 15 0.722 1741 292 691 0.423 111 305 0.364 172 212 0.811 113 446 559 129 96 47 31 867
"251" "Kevin Martin" "MIN" 33 38 13 25 0.342 830 125 333 0.375 38 103 0.369 125 142 0.88 10 71 81 46 41 17 1 413
"252" "Kevin Seraphin" "NYK" 26 35 11 24 0.314 362 59 145 0.407 0 1 0 11 15 0.733 25 52 77 37 35 6 25 129
"253" "Kevon Looney" "GSW" 20 4 3 1 0.75 18 3 5 0.6 1 2 0.5 0 0 0 4 6 10 0 0 0 0 7
"254" "Khris Middleton" "MIL" 24 57 24 33 0.421 2073 349 825 0.423 109 272 0.401 208 240 0.867 34 181 215 234 124 79 12 1015
"255" "Kirk Hinrich" "ATL" 35 35 18 17 0.514 555 47 118 0.398 23 56 0.411 15 16 0.938 7 51 58 59 27 13 1 132
"256" "Klay Thompson" "GSW" 26 53 48 5 0.906 1744 415 884 0.469 172 411 0.418 144 169 0.852 19 180 199 119 98 34 34 1146
"257" "Kobe Bryant" "LAL" 37 48 9 39 0.188 1400 283 808 0.35 93 341 0.273 164 204 0.804 36 168 204 158 102 45 9 823
"258" "Kosta Koufos" "SAC" 26 53 23 30 0.434 1034 154 290 0.531 0 0 0 44 76 0.579 117 177 294 19 36 30 49 352
"259" "Kostas Papanikolaou" "DEN" 25 26 8 18 0.308 294 24 66 0.364 10 32 0.313 9 14 0.643 8 32 40 16 21 13 5 67
"260" "Kris Humphries" "PHX" 31 31 14 17 0.452 528 74 185 0.4 26 76 0.342 35 39 0.897 31 106 137 22 21 6 16 209
"261" "Kristaps Porzingis" "NYK" 20 57 24 33 0.421 1604 291 683 0.426 64 186 0.344 147 172 0.855 112 315 427 69 99 43 109 793
"262" "Kyle Anderson" "SAS" 22 52 44 8 0.846 727 84 177 0.475 6 20 0.3 40 55 0.727 15 104 119 71 37 28 19 214
"263" "Kyle Korver" "ATL" 34 56 29 27 0.518 1703 190 443 0.429 109 281 0.388 38 46 0.826 8 179 187 121 80 51 25 527
"264" "Kyle Lowry" "TOR" 29 55 37 18 0.673 2025 366 853 0.429 151 387 0.39 274 319 0.859 43 230 273 351 158 118 28 1157
"265" "Kyle O'Quinn" "NYK" 25 46 20 26 0.435 508 82 175 0.469 1 14 0.071 31 43 0.721 50 112 162 51 47 17 33 196
"266" "Kyle Singler" "OKC" 27 45 31 14 0.689 586 49 131 0.374 20 64 0.313 20 30 0.667 25 58 83 13 22 22 6 138
"267" "Kyrie Irving" "CLE" 23 29 22 7 0.759 853 211 460 0.459 37 123 0.301 85 97 0.876 25 58 83 126 55 28 5 544
"268" "LaMarcus Aldridge" "SAS" 30 52 43 9 0.827 1548 355 706 0.503 0 14 0 169 200 0.845 128 303 431 75 68 18 54 879
"269" "Lamar Patterson" "ATL" 24 35 23 12 0.657 395 28 80 0.35 12 49 0.245 16 22 0.727 4 46 50 39 23 9 2 84
"270" "Lance Stephenson" "MEM" 25 44 27 17 0.614 702 88 176 0.5 19 47 0.404 25 34 0.735 19 92 111 62 49 25 3 220
"271" "Lance Thomas" "NYK" 27 53 23 30 0.434 1145 156 343 0.455 39 98 0.398 94 108 0.87 31 80 111 44 52 20 7 445
"272" "Langston Galloway" "NYK" 24 58 24 34 0.414 1454 170 405 0.42 57 157 0.363 60 77 0.779 31 181 212 135 37 49 13 457
"273" "Larry Nance Jr." "LAL" 23 43 9 34 0.209 853 110 203 0.542 1 3 0.333 22 32 0.688 66 143 209 28 29 34 12 243
"274" "Lavoy Allen" "IND" 27 55 29 26 0.527 1179 141 278 0.507 0 0 0 25 44 0.568 114 193 307 53 52 21 30 307
"275" "LeBron James" "CLE" 31 54 40 14 0.741 1939 511 1020 0.501 56 206 0.272 259 359 0.721 66 322 388 358 170 76 37 1337
"276" "Leandro Barbosa" "GSW" 33 42 38 4 0.905 626 105 237 0.443 24 69 0.348 33 40 0.825 16 47 63 58 35 32 6 267
"277" "Lorenzo Brown" "PHX" 25 8 1 7 0.125 60 8 25 0.32 1 8 0.125 3 4 0.75 0 7 7 11 9 3 1 20
"278" "Lou Amundson" "NYK" 33 22 9 13 0.409 163 19 43 0.442 0 0 0 10 23 0.435 17 24 41 9 9 5 4 48
"279" "Lou Williams" "LAL" 29 55 11 44 0.2 1640 235 587 0.4 86 256 0.336 293 353 0.83 24 126 150 142 92 53 17 849
"280" "Luc Mbah a Moute" "LAC" 29 54 36 18 0.667 887 61 145 0.421 12 31 0.387 25 43 0.581 47 84 131 19 28 26 15 159
"281" "Lucas Nogueira" "TOR" 23 19 10 9 0.526 137 20 30 0.667 1 2 0.5 6 9 0.667 10 16 26 3 5 9 5 47
"282" "Luis Montero" "POR" 22 7 2 5 0.286 22 5 13 0.385 1 5 0.2 2 2 1 0 2 2 1 2 0 0 13
"283" "Luis Scola" "TOR" 35 55 37 18 0.673 1243 205 463 0.443 41 104 0.394 52 66 0.788 71 215 286 48 50 36 24 503
"284" "Luke Babbitt" "NOP" 26 25 9 16 0.36 327 32 84 0.381 19 56 0.339 9 13 0.692 7 49 56 10 5 2 3 92
"285" "Luol Deng" "MIA" 30 49 29 20 0.592 1547 202 459 0.44 58 164 0.354 94 121 0.777 58 194 252 74 45 46 16 556
"286" "Manu Ginobili" "SAS" 38 43 36 7 0.837 846 153 339 0.451 51 135 0.378 73 92 0.793 22 105 127 142 73 48 8 430
"287" "Marc Gasol" "MEM" 31 52 30 22 0.577 1791 328 707 0.464 2 3 0.667 203 245 0.829 58 304 362 196 118 50 70 861
"288" "Marcelo Huertas" "LAL" 32 30 2 28 0.067 343 33 84 0.393 9 29 0.31 6 6 1 10 31 41 72 33 14 2 81
"289" "Marcin Gortat" "WAS" 32 49 21 28 0.429 1523 288 525 0.549 0 1 0 103 142 0.725 144 346 490 74 89 36 67 679
"290" "Marco Belinelli" "SAC" 29 52 22 30 0.423 1357 195 505 0.386 73 244 0.299 106 123 0.862 7 90 97 103 67 30 2 569
"291" "Marcus Morris" "DET" 26 56 27 29 0.482 2025 276 663 0.416 58 193 0.301 147 193 0.762 69 212 281 138 95 47 15 757
"292" "Marcus Smart" "BOS" 21 37 21 16 0.568 1005 122 338 0.361 44 157 0.28 83 110 0.755 45 104 149 114 47 68 11 371
"293" "Marcus Thornton" "HOU" 28 47 24 23 0.511 884 174 435 0.4 73 216 0.338 51 58 0.879 31 84 115 66 40 34 3 472
"294" "Mario Chalmers" "MEM" 29 52 32 20 0.615 1146 156 371 0.42 40 126 0.317 170 209 0.813 20 115 135 192 96 68 9 522
"295" "Mario Hezonja" "ORL" 20 52 23 29 0.442 782 99 230 0.43 38 107 0.355 34 36 0.944 19 76 95 55 57 14 8 270
"296" "Markel Brown" "BKN" 24 37 6 31 0.162 429 44 125 0.352 17 57 0.298 34 45 0.756 8 37 45 38 19 12 5 139
"297" "Markieff Morris" "WAS" 26 40 10 30 0.25 981 178 454 0.392 22 82 0.268 69 96 0.719 45 157 202 90 93 37 19 447
"298" "Marreese Speights" "GSW" 28 46 42 4 0.913 506 110 283 0.389 8 24 0.333 59 72 0.819 53 101 154 33 44 10 15 287
"299" "Marvin Williams" "CHA" 29 55 29 26 0.527 1602 206 471 0.437 93 242 0.384 78 90 0.867 86 279 365 76 39 34 57 583
"300" "Mason Plumlee" "POR" 25 56 29 27 0.518 1425 189 369 0.512 0 2 0 132 215 0.614 146 280 426 151 108 44 57 510
"301" "Matt Barnes" "MEM" 35 51 30 21 0.588 1351 155 395 0.392 73 221 0.33 60 73 0.822 50 210 260 90 66 57 40 443
"302" "Matt Bonner" "SAS" 35 20 18 2 0.9 113 17 31 0.548 9 17 0.529 3 4 0.75 3 15 18 6 2 5 0 46
"303" "Matthew Dellavedova" "CLE" 25 49 37 12 0.755 1287 144 344 0.419 66 154 0.429 39 43 0.907 28 89 117 234 78 36 5 393
"304" "Maurice Harkless" "POR" 22 54 27 27 0.5 945 120 246 0.488 25 86 0.291 41 74 0.554 63 116 179 47 45 31 20 306
"305" "Metta World Peace" "LAL" 36 20 3 17 0.15 347 31 104 0.298 17 51 0.333 16 25 0.64 11 40 51 17 8 12 9 95
"306" "Meyers Leonard" "POR" 23 49 27 22 0.551 1095 162 363 0.446 66 191 0.346 28 37 0.757 44 196 240 77 65 7 15 418
"307" "Michael Carter-Williams" "MIL" 24 52 21 31 0.404 1590 242 532 0.455 15 52 0.288 104 157 0.662 48 221 269 275 143 80 38 603
"308" "Michael Kidd-Gilchrist" "CHA" 22 7 5 2 0.714 204 33 61 0.541 3 7 0.429 20 29 0.69 12 33 45 9 8 3 3 89
"309" "Mike Conley" "MEM" 28 49 28 21 0.571 1551 250 609 0.411 67 189 0.354 165 196 0.842 23 127 150 297 74 59 14 732
"310" "Mike Dunleavy" "CHI" 35 6 2 4 0.333 106 13 34 0.382 7 13 0.538 9 9 1 2 5 7 6 4 1 1 42
"311" "Mike Miller" "DEN" 36 39 17 22 0.436 319 16 48 0.333 14 40 0.35 0 0 0 6 41 47 34 16 10 4 46
"312" "Mike Muscala" "ATL" 24 43 23 20 0.535 462 59 116 0.509 10 33 0.303 25 31 0.806 26 65 91 25 24 9 19 153
"313" "Mike Scott" "ATL" 27 52 29 23 0.558 774 131 272 0.482 43 108 0.398 35 44 0.795 37 105 142 51 31 16 12 340
"314" "Miles Plumlee" "MIL" 27 36 14 22 0.389 372 57 91 0.626 0 0 0 11 19 0.579 42 59 101 8 19 10 29 125
"315" "Mirza Teletovic" "PHX" 30 55 14 41 0.255 1035 194 453 0.428 116 284 0.408 70 88 0.795 31 141 172 56 48 17 16 574
"316" "Mitch McGary" "OKC" 23 16 13 3 0.813 62 8 17 0.471 0 3 0 4 10 0.4 4 12 16 3 6 1 2 20
"317" "Mo Williams" "CLE" 33 34 22 12 0.647 687 122 276 0.442 29 88 0.33 38 42 0.905 4 61 65 93 54 11 5 311
"318" "Monta Ellis" "IND" 30 56 30 26 0.536 1904 314 724 0.434 60 194 0.309 103 137 0.752 24 146 170 266 152 103 28 791
"319" "Montrezl Harrell" "HOU" 22 29 12 17 0.414 290 41 63 0.651 0 0 0 22 42 0.524 19 31 50 10 13 8 7 104
"320" "Myles Turner" "IND" 19 34 17 17 0.5 724 151 280 0.539 1 4 0.25 49 76 0.645 39 133 172 18 29 9 54 352
"321" "Nate Robinson" "NOP" 31 2 0 2 0 23 0 1 0 0 1 0 0 0 0 0 0 0 4 0 1 0 0
"322" "Nemanja Bjelica" "MIN" 27 46 12 34 0.261 823 73 170 0.429 34 96 0.354 25 38 0.658 33 116 149 62 34 20 16 205
"323" "Nene" "WAS" 33 32 15 17 0.469 596 112 207 0.541 0 1 0 53 91 0.582 26 117 143 47 38 30 14 277
"324" "Nerlens Noel" "PHI" 21 49 8 41 0.163 1434 222 411 0.54 0 0 0 95 160 0.594 105 295 400 83 119 82 77 539
"325" "Nick Collison" "OKC" 35 46 32 14 0.696 556 40 88 0.455 0 2 0 21 29 0.724 57 76 133 34 34 12 14 101
"326" "Nick Young" "LAL" 30 47 10 37 0.213 889 115 327 0.352 69 206 0.335 50 60 0.833 12 71 83 28 27 21 5 349
"327" "Nicolas Batum" "CHA" 27 46 24 22 0.522 1628 233 566 0.412 95 271 0.351 118 139 0.849 39 260 299 255 149 41 29 679
"328" "Nik Stauskas" "PHI" 22 50 6 44 0.12 1197 131 343 0.382 74 216 0.343 42 59 0.712 12 102 114 89 62 29 16 378
"329" "Nikola Jokic" "DEN" 21 54 20 34 0.37 1073 202 380 0.532 17 43 0.395 95 120 0.792 117 205 322 101 69 53 28 516
"330" "Nikola Mirotic" "CHI" 25 44 25 19 0.568 1056 150 389 0.386 74 209 0.354 92 118 0.78 43 215 258 61 67 38 29 466
"331" "Nikola Pekovic" "MIN" 30 12 2 10 0.167 156 19 50 0.38 0 0 0 16 20 0.8 7 14 21 11 9 1 0 54
"332" "Nikola Vucevic" "ORL" 25 52 23 29 0.442 1671 412 825 0.499 1 7 0.143 85 111 0.766 151 322 473 153 98 40 58 910
"333" "Noah Vonleh" "POR" 20 52 26 26 0.5 838 80 188 0.426 6 28 0.214 28 34 0.824 72 147 219 25 31 23 15 194
"334" "Norman Powell" "TOR" 22 25 16 9 0.64 157 14 53 0.264 1 13 0.077 3 5 0.6 7 20 27 7 7 10 1 32
"335" "Norris Cole" "NOP" 27 39 18 21 0.462 1000 161 404 0.399 26 87 0.299 40 52 0.769 7 117 124 128 64 29 4 388
"336" "O.J. Mayo" "MIL" 28 34 15 19 0.441 915 109 291 0.375 43 138 0.312 31 40 0.775 12 79 91 109 56 40 6 292
"337" "Omer Asik" "NOP" 29 48 22 26 0.458 828 70 127 0.551 0 0 0 41 74 0.554 95 202 297 16 41 12 21 181
"338" "Omri Casspi" "SAC" 27 48 20 28 0.417 1406 216 443 0.488 89 211 0.422 61 96 0.635 35 269 304 67 69 40 12 582
"339" "Orlando Johnson" "PHX" 26 2 0 2 0 47 5 17 0.294 1 5 0.2 5 6 0.833 3 6 9 0 1 2 3 16
"340" "Otto Porter" "WAS" 22 48 21 27 0.438 1487 224 478 0.469 57 176 0.324 67 90 0.744 59 192 251 86 46 78 18 572
"341" "PJ Hairston" "MEM" 23 50 24 26 0.48 961 101 284 0.356 54 176 0.307 34 42 0.81 18 111 129 29 27 24 7 290
"342" "PJ Tucker" "PHX" 30 57 14 43 0.246 1707 146 362 0.403 47 135 0.348 57 79 0.722 92 229 321 107 75 72 15 396
"343" "Pablo Prigioni" "LAC" 38 35 23 12 0.657 478 30 74 0.405 15 47 0.319 3 4 0.75 24 45 69 72 31 34 0 78
"344" "Pat Connaughton" "POR" 23 22 11 11 0.5 63 4 22 0.182 2 11 0.182 2 2 1 5 9 14 3 6 2 0 12
"345" "Patrick Beverley" "HOU" 27 45 22 23 0.489 1200 151 353 0.428 75 184 0.408 34 54 0.63 41 95 136 123 54 54 16 411
"346" "Patrick Patterson" "TOR" 26 55 37 18 0.673 1354 132 331 0.399 75 212 0.354 14 17 0.824 44 194 238 62 45 40 18 353
"347" "Patty Mills" "SAS" 27 56 47 9 0.839 1147 189 424 0.446 87 216 0.403 24 32 0.75 16 94 110 150 50 46 4 489
"348" "Pau Gasol" "CHI" 35 52 28 24 0.538 1663 351 737 0.476 17 41 0.415 168 208 0.808 113 447 560 183 104 30 104 887
"349" "Paul George" "IND" 25 56 30 26 0.536 1987 415 1008 0.412 155 405 0.383 324 379 0.855 51 347 398 232 203 102 18 1309
"350" "Paul Millsap" "ATL" 31 57 31 26 0.544 1856 359 752 0.477 52 161 0.323 238 313 0.76 141 352 493 187 137 102 78 1008
"351" "Paul Pierce" "LAC" 38 51 34 17 0.667 905 101 293 0.345 58 183 0.317 38 47 0.809 9 134 143 54 40 22 11 298
"352" "Phil Pressey" "PHX" 25 16 1 15 0.063 226 25 68 0.368 4 17 0.235 11 23 0.478 1 25 26 62 26 13 4 65
"353" "Quincy Acy" "SAC" 25 31 11 20 0.355 348 42 76 0.553 5 12 0.417 19 25 0.76 38 49 87 10 10 11 11 108
"354" "RJ Hunter" "BOS" 22 26 16 10 0.615 252 25 77 0.325 12 51 0.235 5 6 0.833 2 29 31 10 7 12 4 67
"355" "Rajon Rondo" "SAC" 30 52 22 30 0.423 1827 260 573 0.454 43 115 0.374 69 119 0.58 65 264 329 617 204 103 8 632
"356" "Ramon Sessions" "WAS" 29 55 26 29 0.473 1128 181 386 0.469 23 75 0.307 161 212 0.759 14 127 141 147 74 37 4 546
"357" "Randy Foye" "OKC" 32 55 22 33 0.4 1083 118 338 0.349 50 170 0.294 39 47 0.83 16 89 105 113 58 26 16 325
"358" "Rashad Vaughn" "MIL" 19 49 21 28 0.429 591 46 150 0.307 26 83 0.313 11 12 0.917 8 48 56 23 20 14 8 129
"359" "Rasual Butler" "SAS" 36 39 34 5 0.872 387 48 97 0.495 15 45 0.333 11 16 0.688 2 51 53 22 7 12 21 122
"360" "Raul Neto" "UTA" 23 54 27 27 0.5 1103 131 304 0.431 46 113 0.407 29 41 0.707 14 68 82 134 78 46 2 337
"361" "Ray McCallum" "SAS" 24 28 25 3 0.893 251 27 65 0.415 5 15 0.333 9 10 0.9 6 25 31 32 11 5 4 68
"362" "Raymond Felton" "DAL" 31 56 29 27 0.518 1516 192 466 0.412 48 149 0.322 101 119 0.849 23 161 184 190 81 49 8 533
"363" "Reggie Bullock" "DET" 24 19 10 9 0.526 91 1 19 0.053 1 10 0.1 3 3 1 3 5 8 3 2 1 0 6
"364" "Reggie Jackson" "DET" 25 56 28 28 0.5 1737 403 906 0.445 88 231 0.381 192 229 0.838 44 146 190 343 151 45 5 1086
"365" "Richard Jefferson" "CLE" 35 51 38 13 0.745 942 102 220 0.464 49 122 0.402 38 62 0.613 10 71 81 43 29 24 12 291
"366" "Richaun Holmes" "PHI" 22 40 6 34 0.15 546 96 176 0.545 6 36 0.167 37 56 0.661 44 53 97 26 23 12 31 235
"367" "Ricky Rubio" "MIN" 25 51 17 34 0.333 1555 140 392 0.357 32 111 0.288 184 223 0.825 31 192 223 447 118 110 4 496
"368" "Robert Covington" "PHI" 25 47 8 39 0.17 1263 175 455 0.385 103 297 0.347 88 110 0.8 41 229 270 64 109 73 27 541
"369" "Robert Sacre" "LAL" 26 18 2 16 0.111 230 19 49 0.388 0 0 0 12 22 0.545 18 23 41 11 9 2 10 50
"370" "Robin Lopez" "NYK" 27 58 24 34 0.414 1498 243 448 0.542 0 1 0 84 103 0.816 174 215 389 77 90 11 79 570
"371" "Rodney Hood" "UTA" 23 53 26 27 0.491 1667 277 651 0.425 106 288 0.368 132 151 0.874 21 152 173 139 87 45 12 792
"372" "Rodney Stuckey" "IND" 29 33 19 14 0.576 825 119 290 0.41 10 48 0.208 77 93 0.828 15 98 113 87 48 25 6 325
"373" "Rondae Hollis-Jefferson" "BKN" 21 19 5 14 0.263 418 39 81 0.481 1 5 0.2 20 30 0.667 32 84 116 27 21 27 8 99
"374" "Ronnie Price" "PHX" 32 37 11 26 0.297 574 57 144 0.396 35 92 0.38 17 19 0.895 12 33 45 68 31 39 8 166
"375" "Roy Hibbert" "LAL" 29 57 11 46 0.193 1379 137 310 0.442 0 2 0 90 109 0.826 95 199 294 77 60 19 86 364
"376" "Rudy Gay" "SAC" 29 47 19 28 0.404 1585 331 701 0.472 54 151 0.358 132 166 0.795 73 240 313 81 87 58 34 848
"377" "Rudy Gobert" "UTA" 23 35 20 15 0.571 1162 132 222 0.595 0 0 0 101 167 0.605 112 258 370 59 65 30 89 365
"378" "Russ Smith" "MEM" 24 15 6 9 0.4 66 7 22 0.318 1 5 0.2 8 13 0.615 1 8 9 11 7 5 1 23
"379" "Russell Westbrook" "OKC" 27 56 40 16 0.714 1923 476 1034 0.46 66 223 0.296 326 396 0.823 100 322 422 569 232 128 14 1344
"380" "Ryan Anderson" "NOP" 27 54 21 33 0.389 1660 318 737 0.431 111 290 0.383 152 175 0.869 99 213 312 57 77 33 20 899
"381" "Ryan Hollins" "MEM" 31 19 11 8 0.579 204 21 36 0.583 0 0 0 12 15 0.8 21 23 44 7 10 2 10 54
"382" "Ryan Kelly" "LAL" 24 20 0 20 0 258 36 92 0.391 5 29 0.172 28 41 0.683 12 64 76 15 12 8 8 105
"383" "Salah Mejri" "DAL" 29 16 7 9 0.438 169 22 34 0.647 0 0 0 13 19 0.684 19 30 49 2 9 3 9 57
"384" "Sam Dekker" "HOU" 21 3 1 2 0.333 6 0 0 0 0 0 0 0 0 0 0 1 1 0 0 1 0 0
"385" "Sasha Kaun" "CLE" 30 13 10 3 0.769 47 3 5 0.6 0 0 0 3 6 0.5 8 3 11 2 6 2 2 9
"386" "Sasha Vujacic" "NYK" 31 40 15 25 0.375 500 51 160 0.319 22 77 0.286 19 25 0.76 16 63 79 48 26 21 2 143
"387" "Sean Kilpatrick" "DEN" 26 8 3 5 0.375 82 8 21 0.381 4 17 0.235 7 8 0.875 2 4 6 3 4 2 0 27
"388" "Serge Ibaka" "OKC" 26 56 40 16 0.714 1822 304 625 0.486 41 116 0.353 63 84 0.75 107 271 378 51 82 22 120 712
"389" "Sergey Karasev" "BKN" 22 24 4 20 0.167 144 9 24 0.375 2 11 0.182 6 6 1 3 15 18 8 7 1 0 26
"390" "Seth Curry" "SAC" 25 26 10 16 0.385 254 29 65 0.446 13 31 0.419 19 25 0.76 3 17 20 18 12 10 1 90
"391" "Shabazz Muhammad" "MIN" 23 57 18 39 0.316 1169 208 448 0.464 32 105 0.305 122 154 0.792 59 117 176 29 48 16 5 570
"392" "Shabazz Napier" "ORL" 24 44 20 24 0.455 533 60 174 0.345 28 85 0.329 29 38 0.763 8 39 47 89 42 23 1 177
"393" "Shane Larkin" "BKN" 23 52 14 38 0.269 1070 135 312 0.433 26 77 0.338 45 55 0.818 12 105 117 199 89 62 10 341
"394" "Shaun Livingston" "GSW" 30 52 47 5 0.904 995 137 254 0.539 2 12 0.167 48 54 0.889 27 69 96 143 50 32 14 324
"395" "Shayne Whittington" "IND" 24 4 2 2 0.5 9 2 3 0.667 0 0 0 0 0 0 1 2 3 2 2 1 1 4
"396" "Shelvin Mack" "UTA" 25 25 14 11 0.56 203 47 106 0.443 5 30 0.167 10 14 0.714 2 23 25 44 15 8 1 109
"397" "Solomon Hill" "IND" 24 33 16 17 0.485 379 36 97 0.371 5 28 0.179 20 22 0.909 22 50 72 26 15 15 8 97
"398" "Sonny Weems" "PHX" 29 34 6 28 0.176 414 35 89 0.393 13 33 0.394 7 13 0.538 6 34 40 46 37 10 0 90
"399" "Spencer Dinwiddie" "DET" 22 9 4 5 0.444 110 14 35 0.4 1 7 0.143 11 19 0.579 0 9 9 13 5 2 0 40
"400" "Spencer Hawes" "CHA" 27 47 24 23 0.511 898 106 260 0.408 32 92 0.348 47 56 0.839 39 169 208 93 51 21 20 291
"401" "Stanley Johnson" "DET" 19 57 28 29 0.491 1361 196 501 0.391 54 170 0.318 65 83 0.783 47 194 241 93 88 39 9 511
"402" "Stephen Curry" "GSW" 27 53 49 4 0.925 1789 529 1041 0.508 260 572 0.455 261 287 0.909 47 232 279 351 174 115 10 1579
"403" "Steve Blake" "DET" 35 33 18 15 0.545 516 52 132 0.394 31 85 0.365 5 7 0.714 6 42 48 97 45 14 3 140
"404" "Steve Novak" "MIL" 32 8 8 0 1 25 6 13 0.462 5 10 0.5 0 0 0 0 4 4 0 1 0 0 17
"405" "Steven Adams" "OKC" 22 54 39 15 0.722 1353 153 257 0.595 0 0 0 85 138 0.616 135 210 345 37 55 24 64 391
"406" "TJ McConnell" "PHI" 23 56 8 48 0.143 1148 152 319 0.476 23 67 0.343 17 30 0.567 32 163 195 263 110 72 8 344
"407" "TJ Warren" "PHX" 22 47 14 33 0.298 1070 221 441 0.501 28 70 0.4 45 64 0.703 57 90 147 44 32 37 16 515
"408" "Taj Gibson" "CHI" 30 55 29 26 0.527 1462 184 364 0.505 0 3 0 68 107 0.636 158 238 396 74 58 28 58 436
"409" "Tarik Black" "LAL" 24 21 3 18 0.143 259 31 55 0.564 0 0 0 10 25 0.4 23 63 86 5 10 6 8 72
"410" "Tayshaun Prince" "MIN" 35 55 17 38 0.309 1157 82 176 0.466 3 15 0.2 8 13 0.615 23 86 109 53 20 26 11 175
"411" "Terrence Jones" "HOU" 24 45 22 23 0.489 1003 160 355 0.451 25 79 0.316 75 112 0.67 59 145 204 41 47 22 37 420
"412" "Terrence Ross" "TOR" 25 49 35 14 0.714 1166 167 379 0.441 83 216 0.384 27 35 0.771 14 103 117 36 34 39 18 444
"413" "Terry Rozier" "BOS" 21 20 13 7 0.65 111 12 50 0.24 2 13 0.154 3 3 1 8 11 19 13 9 0 0 29
"414" "Thabo Sefolosha" "ATL" 31 52 26 26 0.5 1242 140 278 0.504 28 90 0.311 43 68 0.632 35 199 234 74 47 64 25 351
"415" "Thaddeus Young" "BKN" 27 56 15 41 0.268 1835 377 737 0.512 5 23 0.217 82 132 0.621 135 371 506 101 110 83 23 841
"416" "Thanasis Antetokounmpo" "NYK" 23 2 1 1 0.5 6 3 4 0.75 0 1 0 0 0 0 0 1 1 0 0 0 0 6
"417" "Thomas Robinson" "BKN" 24 50 12 38 0.24 515 71 158 0.449 0 0 0 25 51 0.49 71 125 196 14 37 21 30 167
"418" "Tiago Splitter" "ATL" 31 36 21 15 0.583 579 81 155 0.523 0 2 0 39 48 0.813 45 75 120 30 24 20 12 201
"419" "Tibor Pleiss" "UTA" 26 12 7 5 0.583 81 11 25 0.44 0 2 0 2 2 1 6 9 15 2 8 1 2 24
"420" "Tim Duncan" "SAS" 39 41 34 7 0.829 1043 143 295 0.485 0 2 0 67 90 0.744 71 237 308 119 67 35 56 353
"421" "Tim Frazier" "POR" 25 35 19 16 0.543 271 20 60 0.333 3 17 0.176 8 15 0.533 11 28 39 42 27 10 1 51
"422" "Tim Hardaway Jr." "ATL" 23 27 12 15 0.444 407 42 112 0.375 14 58 0.241 21 22 0.955 5 40 45 28 10 10 4 119
"423" "Timofey Mozgov" "CLE" 29 52 38 14 0.731 920 144 261 0.552 1 7 0.143 46 65 0.708 74 149 223 23 48 15 40 335
"424" "Tobias Harris" "DET" 23 52 22 30 0.423 1710 272 584 0.466 51 164 0.311 125 159 0.786 74 283 357 104 82 51 30 720
"425" "Toney Douglas" "NOP" 29 35 14 21 0.4 551 71 178 0.399 34 87 0.391 31 37 0.838 10 35 45 62 22 40 2 207
"426" "Tony Allen" "MEM" 34 47 29 18 0.617 1151 126 293 0.43 11 27 0.407 51 85 0.6 73 150 223 44 45 74 12 314
"427" "Tony Parker" "SAS" 33 51 42 9 0.824 1369 264 514 0.514 18 42 0.429 92 121 0.76 13 114 127 258 86 43 7 638
"428" "Tony Snell" "CHI" 24 53 29 24 0.547 1086 106 283 0.375 46 131 0.351 25 28 0.893 14 159 173 47 45 14 16 283
"429" "Tony Wroten" "PHI" 22 8 0 8 0 144 22 65 0.338 3 17 0.176 20 37 0.541 2 19 21 20 29 3 0 67
"430" "Trevor Ariza" "HOU" 30 55 27 28 0.491 1905 241 579 0.416 127 333 0.381 79 108 0.731 44 212 256 107 80 109 14 688
"431" "Trevor Booker" "UTA" 28 53 26 27 0.491 1183 125 269 0.465 6 24 0.25 48 71 0.676 130 207 337 53 65 49 27 304
"432" "Trey Burke" "UTA" 23 52 25 27 0.481 1210 233 561 0.415 78 224 0.348 51 65 0.785 17 84 101 136 69 32 6 595
"433" "Trey Lyles" "UTA" 20 53 25 28 0.472 884 93 222 0.419 20 50 0.4 31 48 0.646 44 161 205 36 41 12 12 237
"434" "Tristan Thompson" "CLE" 24 55 40 15 0.727 1555 168 289 0.581 0 0 0 95 154 0.617 188 337 525 39 40 19 27 431
"435" "Troy Daniels" "CHA" 24 27 14 13 0.519 286 54 115 0.47 35 70 0.5 4 8 0.5 5 31 36 10 17 6 1 147
"436" "Ty Lawson" "HOU" 28 49 21 28 0.429 1143 107 277 0.386 31 92 0.337 56 80 0.7 20 69 89 176 78 40 6 301
"437" "Tyler Ennis" "MIL" 21 24 9 15 0.375 208 24 60 0.4 4 14 0.286 9 12 0.75 3 21 24 24 14 6 1 61
"438" "Tyler Hansbrough" "CHA" 30 31 18 13 0.581 282 24 58 0.414 2 3 0.667 26 47 0.553 35 39 74 7 11 11 7 76
"439" "Tyler Johnson" "MIA" 23 36 19 17 0.528 862 118 243 0.486 27 71 0.38 51 64 0.797 28 81 109 79 47 24 14 314
"440" "Tyler Zeller" "BOS" 26 40 26 14 0.65 417 88 178 0.494 0 0 0 40 55 0.727 42 70 112 17 36 9 9 216
"441" "Tyreke Evans" "NOP" 26 25 11 14 0.44 765 136 314 0.433 33 85 0.388 74 93 0.796 20 109 129 164 73 32 8 379
"442" "Tyson Chandler" "PHX" 33 46 11 35 0.239 1063 97 185 0.524 0 1 0 72 113 0.637 117 267 384 43 53 22 28 266
"443" "Tyus Jones" "MIN" 19 12 2 10 0.167 139 17 46 0.37 4 8 0.5 6 8 0.75 4 16 20 22 10 5 1 44
"444" "Udonis Haslem" "MIA" 35 27 17 10 0.63 214 17 45 0.378 1 7 0.143 9 9 1 8 50 58 14 5 5 2 44
"445" "Victor Oladipo" "ORL" 23 51 24 27 0.471 1625 268 648 0.414 69 205 0.337 139 166 0.837 30 216 246 208 114 72 29 744
"446" "Vince Carter" "MEM" 39 37 23 14 0.622 523 60 161 0.373 25 89 0.281 31 36 0.861 14 58 72 25 18 18 9 176
"447" "Walter Tavares" "ATL" 23 10 6 4 0.6 69 10 18 0.556 0 0 0 3 8 0.375 7 13 20 2 5 1 6 23
"448" "Wayne Ellington" "BKN" 28 55 14 41 0.255 1121 153 387 0.395 62 181 0.343 42 50 0.84 11 108 119 50 33 33 3 410
"449" "Wesley Johnson" "LAC" 28 56 37 19 0.661 1120 144 337 0.427 75 219 0.342 22 36 0.611 27 139 166 36 33 61 39 385
"450" "Wesley Matthews" "DAL" 29 53 28 25 0.528 1752 222 574 0.387 120 347 0.346 80 94 0.851 22 133 155 100 51 50 13 644
"451" "Will Barton" "DEN" 25 56 22 34 0.393 1602 316 700 0.451 84 226 0.372 148 175 0.846 48 292 340 134 92 51 27 864
"452" "Willie Cauley-Stein" "SAC" 22 40 17 23 0.425 811 106 172 0.616 0 0 0 41 70 0.586 84 135 219 16 28 24 48 253
"453" "Willie Reed" "BKN" 25 27 6 21 0.222 272 49 82 0.598 0 0 0 16 32 0.5 27 45 72 5 13 3 15 114
"454" "Zach LaVine" "MIN" 20 57 18 39 0.316 1405 280 635 0.441 65 181 0.359 118 147 0.803 22 149 171 179 108 37 9 743
"455" "Zach Randolph" "MEM" 34 50 29 21 0.58 1457 302 612 0.493 2 11 0.182 109 144 0.757 138 260 398 79 74 31 9 715
"456" "Zaza Pachulia" "DAL" 32 52 28 24 0.538 1541 172 368 0.467 0 2 0 176 233 0.755 190 374 564 102 98 52 16 520
